.Random.seed <-
c(403L, 10L, -905037271L, -2089056136L, 314836390L, 1101680577L, 
1651627091L, -1522009342L, -754999756L, -592864329L, -2020897875L, 
-1198792508L, -1512352534L, -1036182699L, 2011131119L, -1609129226L, 
137645600L, -1350822941L, 380606593L, -1845098768L, -568351346L, 
578095865L, 431605899L, 2060488890L, -1127627844L, 2076858623L, 
283552853L, 2053773164L, 1938147266L, -1020088291L, -1082978153L, 
-709382658L, -729129544L, -17649253L, 1770305529L, 695443272L, 
-2059801994L, -606329935L, 346865123L, 1292460722L, 848748292L, 
-223361977L, -2099834083L, -241129068L, 1345260858L, 1651044741L, 
905495135L, -1432378138L, 1004910448L, 942602387L, 2021340465L, 
748184544L, -642207618L, -1727337719L, 632368443L, -733150966L, 
-1378529044L, -1041851025L, -1407688027L, -628548516L, -2081801166L, 
-239002835L, 1146298855L, 1709055246L, 1951593192L, 1979170027L, 
-451709559L, 1208763672L, 1559980102L, -1171615583L, 298620723L, 
2097022626L, 1659565460L, -493675497L, 207653901L, 694323492L, 
1100457226L, 2058437749L, 838594511L, -1242844970L, -366768000L, 
1923174083L, 738138209L, -1128863536L, -1413897682L, -869964839L, 
-75011093L, -1109865894L, 801668124L, 888850719L, 67590517L, 
1998805004L, -535330334L, 126884541L, -923863753L, -405866018L, 
533569304L, 971732603L, -125045735L, -1741560664L, -1984094634L, 
-1791034671L, -1625081213L, -776466158L, -426470236L, -1189165977L, 
1285148093L, -94412L, 1866296474L, 1279038181L, -343724929L, 
234677766L, 956363152L, -1708364749L, 265233361L, -1363351168L, 
-1813085090L, 1295668137L, 815237723L, 1392258666L, 1216566028L, 
-719981233L, 1506717189L, 1205736636L, 757695890L, 462839437L, 
-1071713081L, 1324601774L, 2060073992L, 416346123L, -1806727959L, 
794256312L, 1678748774L, -2041328383L, 923192211L, 1307167810L, 
-230411276L, -1864040969L, 981295597L, 2064372356L, -345045846L, 
549663253L, 1840107183L, -1248006986L, 241408736L, -1104001501L, 
-1397864127L, -1086680016L, 1438142030L, -287237447L, -533610805L, 
-457529478L, -1166471556L, -477656385L, 2059611029L, -1874211924L, 
1394532738L, -134469795L, 1459194455L, 795214142L, 318833016L, 
401259099L, -1084879431L, -2034651128L, -1347939658L, 1575479793L, 
2028527651L, 680140914L, -524238140L, -1121684345L, -364427171L, 
-351728044L, 2550906L, 450688965L, 745847071L, 1993717926L, -1567958480L, 
-793452333L, 595160817L, -393196000L, 529807550L, 672832713L, 
-1497966981L, 1807799370L, 366951596L, -88478801L, 361631589L, 
-165092068L, -1336136334L, -1072716307L, 135965223L, 208407118L, 
1145425576L, 83788971L, -483809847L, -1150129704L, 2014986374L, 
1237273953L, 1795047667L, 1470820194L, -1227290156L, -35177257L, 
1635319501L, -454773148L, -1782401974L, -1004568139L, 1584401679L, 
-2107807210L, 2005411008L, -581623165L, 1128509089L, 1595285648L, 
1111165806L, -417082087L, -252893781L, 1120461722L, -1437418660L, 
-1988437409L, -448101835L, -1815590452L, -141147870L, 1752040317L, 
1582899319L, 791127454L, 1112480856L, -752039493L, 1010798425L, 
1202351336L, -794839786L, -467561118L, 1293031080L, 1157377612L, 
-914164868L, 31244082L, 939303536L, -1184698044L, 1586218968L, 
-610306950L, 740727344L, -2031497540L, 1082416980L, 470912578L, 
1103454112L, 807591100L, 1414918608L, 1316909410L, 970287080L, 
-1419101236L, -586764548L, 1019249650L, -709380992L, -368664332L, 
-844644216L, 794571066L, -54586544L, 1209606252L, 103636116L, 
-171391662L, 884290272L, -1059271476L, 1741905056L, 827194754L, 
-334967576L, -1948005140L, 1569990716L, 520555634L, -703374224L, 
1520833060L, 490313272L, -1282854374L, 1505547472L, 966395452L, 
-1712365420L, 1725746306L, 1156123584L, 1283289404L, -1399656816L, 
1954833442L, -986435576L, -1351355252L, 2017076252L, 104280210L, 
316007552L, -1645577196L, 473544488L, -1040095174L, 2042050768L, 
-1267025812L, 823750324L, 1328163858L, -548654112L, 257442764L, 
-280124960L, -743569374L, -472996568L, 536154380L, 187417148L, 
593926386L, -1588929296L, 1681061700L, 242580568L, 755258938L, 
-2023444240L, 1563653820L, -2117455340L, 1333247170L, 1698703968L, 
-2128985732L, -1252324144L, 978470946L, 547484840L, -915349108L, 
1108455868L, -1264686030L, 1083848512L, 217100980L, -2007597752L, 
2031900346L, -261897456L, -1244595988L, -730395564L, -1688098030L, 
830279072L, 1071527884L, -121162912L, -749486910L, 569975336L, 
-12829268L, 335661884L, -401096846L, 763223856L, -714374108L, 
125878840L, 1575806682L, 2140717968L, 1376819452L, -1833975404L, 
-846167230L, -133023232L, 1843741756L, 1492970064L, 1919468706L, 
974944072L, -67822068L, -1955569956L, 1495892050L, -1773281152L, 
1068178260L, 861610984L, 2093089530L, -499589296L, 1329872940L, 
-1473179276L, -1642843502L, -1225571744L, 2056733836L, -2086374048L, 
-1784010526L, -1393721176L, 651266764L, 635364860L, 181526450L, 
-780093456L, -531249724L, 301914456L, 1990620538L, -502184528L, 
-921474628L, -1517749676L, 711716290L, 1081588512L, 585886652L, 
1868203088L, -518692894L, 1940407144L, 517343052L, 1039022844L, 
-1691313422L, 1330376960L, -754936716L, 1203108360L, 1056623034L, 
1011153360L, 1823575020L, 2092517268L, 1024380114L, -1133279136L, 
500506956L, -883529952L, -1746425214L, 491448808L, -126250004L, 
-1285587396L, 167074418L, -535306384L, -1715703516L, 905096760L, 
-291119718L, 1926608336L, 966447548L, -881671532L, 1272649346L, 
-857042496L, -1031479492L, 792458896L, 130790178L, 667592200L, 
955873036L, -564856932L, -1227325422L, -1410342016L, 2017984276L, 
726419752L, 1264623674L, 1011423184L, -706459028L, 537005108L, 
209351826L, -1628291744L, 807817548L, -1086346784L, -719216734L, 
193195944L, 52262028L, -960179268L, 728381554L, -2010754064L, 
-1905115068L, 966374488L, 1907314746L, 578592880L, -740568516L, 
1310079764L, 1370250946L, 1814585056L, 619336828L, 1913929936L, 
135828386L, -1322085848L, 1862247692L, 983038908L, -1921219278L, 
-929166144L, -962363852L, 1518024392L, -1170368838L, 406143120L, 
-1792869652L, -982029740L, 1779084946L, -1036051680L, 230222796L, 
311672032L, 428534466L, -1868242904L, -659256404L, 111380815L, 
1758812185L, -1279353298L, -1651817412L, -1719537235L, 1509605975L, 
776584096L, 2117345534L, 1561904075L, 2088670669L, 1085331706L, 
552987448L, -1329870623L, 826633107L, -458682444L, 913675458L, 
-917366569L, 1646421281L, 14214374L, -1678364188L, -1072452331L, 
-1012357825L, 1871247576L, -1753765642L, -1058761981L, -228309947L, 
-1321968542L, 810580944L, 146444537L, 1831868971L, 1118471580L, 
389742026L, -2114457921L, -162861047L, 870863134L, 1536677068L, 
-940179299L, -1448479449L, -272324784L, 635578862L, 1510866587L, 
1720856829L, -20793366L, -1899450232L, -1621397967L, 1812252835L, 
-1983791964L, -927031982L, -2135467865L, -1910616847L, 539819062L, 
1765504212L, -1596958619L, 1810317935L, 1109007528L, 1410259462L, 
152181555L, 1421021077L, 385993714L, 1137066048L, -684957271L, 
-2045792229L, -84959764L, -1817969158L, 1258400303L, -2107644359L, 
-2110377906L, 875419804L, -1682744819L, -301312393L, -184250752L, 
502107358L, -1841721429L, -16228179L, -2110827238L, -54857256L, 
-411751871L, 1244643571L, 1309261588L, -791685470L, -1561964617L, 
270138241L, 2066377094L, 345926596L, 1414846197L, 610788191L, 
-1025544776L, -1287408490L, -1786508637L, -1648759707L, 1464711554L, 
-763559184L, 1696143001L, 599882379L, -319480964L, -1323147862L, 
142144991L, 1706640233L, 730571646L, 1904073580L, 1348612029L, 
1721359495L, 1360883824L, 195279630L, -1172203461L, 1636112157L, 
-48007734L, -577286424L, 1267204561L, -591359037L, -1375851324L, 
2012836722L, -1576784313L, 1110953489L, 1312317334L, -763862284L, 
-219216763L, -1920894513L, -649237304L, 1791778150L, -1954463853L, 
-1806573323L, -60512046L, -1898391776L, 159815433L, -280018885L, 
-1986497140L, -924931046L, 1262993551L, -1137305639L, -1037879186L, 
1880046588L, -1400002195L, -1687051497L, 1868104416L, 39420094L, 
-1177063797L, -1168329459L, 1283176762L, -605828744L, -1812042975L, 
1335213011L, -921091340L, 812657538L, 938711575L, 1622751457L, 
-468691418L, 1916292900L, 1252556757L, 178325375L, 673378840L, 
